1658.021000
5541.303000
7193.264000
7146.058000
1804.075000
1700.026000
1646.156000
1656.442000
1692.642000
1703.231000
1674.438000
1678.362000
1679.500000
1696.450000
1609.352000
1699.283000
1622.170000
1647.549000
1672.464000
1646.249000
1711.033000
1646.342000
1646.504000
1645.436000
1646.365000
1646.388000
1711.799000
1653.076000
1701.094000
1692.921000
1646.388000
1661.226000
1653.006000
3487.475000
1599.414000
1678.687000
1676.203000
1687.650000
1628.393000
1646.388000
3503.102000
1656.373000
1656.071000
1645.808000
1646.133000
1646.342000
1646.435000
1646.435000
1646.388000
1646.597000
1681.056000
1626.558000
1680.614000
1701.257000
1620.521000
1681.032000
3489.333000
1646.620000
1697.495000
1657.093000
1646.435000
1646.597000
1691.040000
1660.088000
1647.038000
3477.537000
1653.076000
1647.387000
1706.087000
1648.919000
1621.845000
1695.127000
3508.396000
1647.015000
1705.553000
1628.160000
1646.388000
1646.435000
3452.227000
1710.104000
1646.017000
1647.271000
817.087000
1663.083000
1736.064000
