537.360000
3131.160000
2068.368000
3442.248000
3514.296000
3813.384000
3551.472000
3533.256000
3498.240000
3629.760000
3716.184000
3516.264000
3570.576000
3685.200000
3057.072000
3509.952000
3561.528000
3522.096000
4004.376000
4002.768000
3572.016000
3547.056000
3607.392000
3562.032000
3510.960000
3665.520000
3504.672000
3512.472000
3095.232000
4006.728000
3597.192000
754.056000
1794.624000
1808.568000
2897.664000
7164.552000
7079.352000
7212.384000
3565.216000
199.553000
2254.240000
3558.064000
4592.559000
4607.722000
1730.607000
3430.168000
1227.918000
1328.414000
298.075000
1756.242000
1412.958000
1301.874000
1376.967000
1352.029000
1371.626000
1262.284000
3516.036000
247.990000
4101.643000
3803.917000
486.644000
977.166000
3659.140000
3489.751000
207.494000
4435.499000
704.239000
2946.636000
1605.150000
3762.980000
5387.518000
149.769000
3475.494000
3733.421000
3562.267000
1243.476000
1225.085000
4109.840000
1780.065000
3498.505000
1712.054000
3598.583000
4.041000
