2751.360000
3892.368000
3022.776000
2965.536000
3513.072000
3200.184000
4087.632000
4749.576000
2603.184000
1520.976000
2948.616000
3142.440000
7153.608000
7157.352000
7306.440000
7109.688000
13115.280000
7155.552000
3419.580000
4060.404000
4064.584000
2359.728000
4369.323000
1334.103000
987.058000
1872.063000
1901.738000
3469.828000
3746.308000
3448.396000
1165.317000
976.818000
7499.558000
3726.130000
3620.131000
3710.131000
3700.100000
3719.141000
375.142000
3711.130000
3550.146000
3713.127000
3712.059000
3724.156000
3310.144000
3630.092000
3712.059000
7557.747000
347.232000
5732.102000
5575.274000
3498.505000
1647.108000
7240.516000
7241.399000
7238.961000
1721.969000
1717.906000
4.041000
