1360.851882
1746.117370
385.079728
3528.888000
911.736000
1800.672000
2148.480000
1259.448000
60.024000
59.928000
3053.208000
2769.912000
3098.280000
2713.608000
3273.912000
2034.720000
3110.976000
688.320000
4498.920000
1550.664000
5862.792000
7170.144000
7078.200000
7073.424000
7086.216000
3418.001000
1011.555000
1356.533000
3606.199000
1360.852000
98.592000
1173.212000
1177.229000
1746.118000
1030.781000
3300.740000
3523.605000
3297.350000
3326.723000
2036.391000
5567.217000
2222.429000
848.992000
3843.994000
385.080000
1760.027000
3448.396000
1147.136000
1165.317000
976.818000
3540.022000
545.135000
2937.069000
6453.801000
1872.063000
3624.682000
1658.555000
3498.505000
1638.099000
1642.116000
1706.853000
7241.585000
4.041000
