1462.488000
1600.056000
1769.232000
3673.488000
2200.920000
153.840000
322.248000
311.496000
413.928000
5952.600000
7223.232000
6989.448000
7240.032000
1792.070000
386.334000
7622.328000
1928.069000
352.108000
1769.232000
1765.924000
3413.380000
170.853000
888.976000
4700.741000
3397.916000
4844.658000
1265.488000
325.359000
525.073000
653.549000
2466.563000
1604.732000
1931.506000
413.246000
2527.284000
2582.802000
3394.456000
1796.853000
3814.203000
3519.472000
386.334000
1872.945000
1754.082000
1765.089000
1739.059000
1722.085000
1743.146000
1709.082000
3448.396000
3485.966000
1418.531000
1128.072000
3494.162000
3126.660000
1761.141000
3687.074000
1559.081000
1656.512000
3498.505000
3448.698000
3515.060000
3415.168000
1757.890000
2715.342000
2727.579000
5443.431000
3693.831000
1640.188000
4.041000
