3648.072000
3612.936000
3548.040000
3927.072000
3567.024000
3546.144000
3593.064000
3314.280000
3904.200000
4865.472000
3558.432000
5508.168000
64.056000
3536.784000
3551.880000
3236.784000
3595.968000
3583.248000
3537.408000
3376.416000
3577.944000
3933.240000
3481.104000
3543.144000
3559.752000
3385.800000
3536.664000
3637.008000
3233.400000
3518.520000
3541.008000
3547.224000
917.568000
3476.352000
3512.568000
3389.448000
3540.264000
3509.088000
3011.352000
3529.992000
3464.136000
3497.064000
3445.560000
3013.224000
3572.760000
3529.512000
3916.128000
3333.240000
3546.216000
4151.112000
3540.120000
3549.768000
3683.400000
2856.576000
2845.224000
2978.592000
3175.632000
3058.680000
1755.600000
893.112000
3925.125000
5112.036000
5519.941000
324.941000
3104.183000
2671.410000
5955.524000
5236.332000
2719.638000
4933.382000
5515.483000
5381.039000
5949.394000
152.207000
3719.025000
5439.159000
2722.447000
5421.837000
5234.684000
5577.991000
4908.072000
5045.372000
5241.696000
4977.593000
110.504000
5907.157000
3795.465000
5525.583000
3710.363000
4998.699000
5229.343000
4972.507000
5463.308000
3714.172000
2691.820000
3786.223000
5003.808000
4003.283000
5457.712000
