743.064000
990.600000
1983.696000
4144.056000
1052.832000
824.112000
1986.096000
3386.136000
1790.592000
3480.648000
1505.760000
3915.864000
1356.504000
3429.096000
2837.640000
1533.552000
1742.040000
1720.800000
3152.952000
1302.696000
2283.600000
4723.680000
1275.360000
1544.760000
3332.472000
3845.160000
1784.352000
2490.600000
235.728000
262.608000
181.128000
126.216000
123.960000
236.760000
218.208000
139.248000
3708.864000
1788.960000
7163.472000
7101.600000
1731.582000
1648.199000
213.717000
128.012000
1044.898000
2972.921000
183.183000
435.491000
241.697000
3594.519000
87.493000
132.447000
417.542000
47.160000
261.109000
3519.913000
221.426000
446.497000
557.651000
532.225000
7084.571000
7385.130000
6659.042000
1780.065000
1341.301000
1776.234000
3494.162000
1758.959000
5040.124000
7557.747000
3498.505000
7241.399000
3544.062000
4.041000
