1739.160979
1032.986122
2851.990930
2066.088979
3418.000544
1011.554104
98.591927
1173.211429
1177.228481
1746.117370
1030.780227
3419.579501
1793.253878
1666.263946
1832.240181
1767.828027
1769.848163
104.187937
1788.284807
1773.516916
1646.318005
1442.702222
1742.611156
1199.705397
1568.833016
3295.584979
5238.432979
3518.376979
2777.736979
3565.215057
2360.400979
888.975964
3566.304979
49.969342
3600.072979
1759.896979
3591.408979
813.998730
2787.696979
6849.744979
348.360979
1697.712979
1907.376979
4060.403810
3749.093878
1737.912979
5468.995918
5519.940499
4886.304979
4917.096979
3549.864979
3534.239637
1799.848345
3457.632979
2889.560816
1759.944979
7485.768979
3630.184490
1886.256979
1052.808979
1858.780590
1741.944979
4079.688979
1855.224979
3804.287710
1692.024979
2452.932789
3858.840979
3665.856979
267.447438
1833.336979
1762.992979
1908.030113
5474.591927
3541.344979
5092.530794
3558.063311
2056.872979
2479.344979
1986.072979
3234.360979
3600.072979
3517.707029
3313.080979
215.016979
2276.040979
1664.544979
4064.583401
1789.515465
3571.368979
3590.568979
1852.704979
3073.176979
3534.648979
1032.986122
3463.416979
1384.559456
899.496979
1919.592979
4530.445351
3432.954195
592.062404
1640.856979
3919.560979
1764.024979
1722.264979
856.839546
3588.096979
80.619683
1044.897959
1768.478186
4677.960979
1884.740499
3405.936979
1780.872979
3212.784979
1873.776979
1806.792979
4469.664979
886.272979
567.552979
7190.904979
947.520979
1042.848979
3584.232979
3533.635918
3600.072979
325.358005
7692.456979
2399.496979
7622.304979
2162.040979
3536.016979
3575.408617
1845.456979
1755.648979
1788.024979
3482.784979
3260.376979
3333.216979
893.573515
3604.131701
3553.632979
2151.384979
3599.603810
1769.544979
3603.960979
1767.000979
1208.157460
3905.967891
3497.319909
2200.896979
3411.096979
3593.613061
5731.102766
2094.347029
3001.632979
4151.088979
1666.464979
2998.584979
1718.856979
1244.664979
3586.530975
3513.864979
2130.432979
3478.608979
3485.400979
5515.482268
1729.536979
3521.232979
268.445896
3655.128979
200.063129
1770.684082
400.892517
3561.383764
3589.317370
2402.256979
3598.272979
4903.009524
1319.952979
934.347755
2490.572336
3583.824979
3122.224762
151.742404
345.629025
5160.333061
1811.110023
4972.506848
3540.857324
2927.595102
638.595193
108.831927
3584.280979
1802.425760
136.695873
2647.864308
5439.158277
1881.930884
100.867483
168.762630
376.581224
3509.626485
3584.232979
112.686440
555.699955
417.541224
3600.072979
21.478458
3762.979410
47.159728
4977.592018
261.108390
4369.322086
303.415147
5907.156463
3562.266122
3514.897415
221.425488
3600.024979
3598.628571
92.763719
5335.620499
3435.438730
837.520544
41.099320
1472.400544
386.333605
532.224580
123.414059
1834.724717
4972.506848
5463.307029
97.012971
3674.766803
3786.222585
5457.711020
3584.880979
2650.766803
2549.667120
940.152744
2679.960979
1845.429116
585.073197
1605.822404
1772.100499
1769.058685
2435.076644
2352.960979
1863.169161
3963.840979
1272.984979
1811.712979
5978.784979
3174.744979
1808.976979
3090.960979
1990.296979
1122.648979
1414.920979
1714.680979
1498.872979
1599.384979
767.376979
3271.320979
2303.976979
3559.248979
3469.827483
3746.307483
429.290522
4414.560979
1757.736979
1544.736979
575.880979
2684.304979
4664.832979
1784.328979
2440.104979
1879.488979
4324.704979
3129.864979
2500.896979
1605.384979
1041.312979
1776.233651
1147.135420
1165.316644
976.817052
3226.180499
2937.068844
6453.800635
2535.177868
3643.535964
7626.570884
3624.681361
3391.176979
3207.960979
3814.848979
3542.184979
3600.936979
3997.416979
2861.088979
3726.129342
3620.130249
3694.155465
3710.130794
3601.089887
3494.161995
3505.121814
3700.099773
3555.160816
3719.140136
3711.129252
3668.149116
3710.130794
1761.140680
3007.123447
3550.145306
3656.074739
3589.061950
3482.157279
3750.138776
3687.073379
3713.126168
3726.129342
3747.120181
1559.080635
3724.155646
3310.143855
3714.124626
3630.091610
994.046259
1623.120979
3592.008979
80.904979
543.312979
1561.680979
3342.840979
1815.216979
1645.944979
3471.648979
1047.552979
1484.664979
1975.824979
308.256979
1765.968979
354.048979
1047.888979
3554.208979
3385.200979
1810.368979
402.240979
954.528979
1798.296979
431.136979
2162.904979
3096.096979
1741.728979
206.928979
4269.936979
2636.160979
2847.480979
432.408979
1972.728979
1140.912979
812.664979
3983.616979
357.864979
522.216979
1539.480979
602.520979
1116.816979
1436.544979
269.088979
1171.440979
302.736979
1322.904979
7123.488979
1245.696979
278.904979
1081.680979
3557.232979
1780.344979
3422.208979
4323.480979
1694.112979
1959.072979
1657.045624
1711.449977
1560.961451
1647.455782
1658.020862
1647.386122
3514.061497
1776.280091
5732.101224
364.321088
2345.052880
1823.439819
3311.232979
3247.536979
5248.638549
179.234830
607.364354
1302.105397
1331.200000
1710.660499
1706.852426
1785.150113
773.758549
2734.656979
117.216979
92.064979
3175.608979
2275.752979
21.216979
218.544979
2769.888979
3590.928979
161.712979
27.384979
1627.824979
34.008979
154.584979
54.888979
98.712979
123.936979
120.168979
33.576979
96.912979
191.832979
139.224979
1296.504979
1519.296979
1762.656979
1327.392979
1854.816979
1781.328979
1788.936979
720.144979
1800.480979
1704.600979
1769.928979
1726.008979
1739.160979
1758.960979
1792.320979
1747.920979
3513.048979
1760.736979
1716.360979
3514.656979
1790.064979
1823.856979
3273.888979
3200.160979
2034.696979
4087.608979
4749.552979
2603.160979
1520.952979
1550.640979
1173.528979
2337.552979
1700.025760
1646.155465
1692.641814
1703.230113
2171.251519
1678.361542
1679.499320
1696.449887
1647.548662
1672.463673
1646.248345
1711.032018
1646.341224
1646.503764
1646.364444
1646.387664
1711.798277
1653.075011
1701.093878
1692.920454
1646.387664
1661.225215
1653.005351
1599.413696
1678.686621
1676.202086
1628.392200
1656.372245
1656.070385
1646.434104
2857.006440
1646.434104
1646.596644
3870.023401
1681.055057
1626.557823
1680.613878
1701.256417
1681.031837
2614.404354
1697.494785
1647.339683
1657.092063
1646.434104
1646.596644
5347.253696
1761.071020
6288.497778
1647.037823
3477.536508
1653.075011
1706.086168
1648.918639
1621.844172
1765.088073
1695.126349
1647.014603
1705.552109
1628.160000
1646.434104
1710.103220
1646.016145
1647.270023
2860.234014
1787.077370
2614.659773
2902.262132
5357.122177
5443.430748
1059.549751
3709.805714
1763.323356
3582.862222
1810.181224
3579.843628
3299.927075
1760.072562
1763.044717
3535.098776
3180.065669
3544.061678
3298.092698
7143.720979
7058.088979
7231.848979
5952.576979
7223.208979
7006.800979
7155.528979
1764.345034
3422.365896
1640.187937
1800.480979
