1842.072000
1740.840000
1907.400000
3571.392000
2913.624000
1165.584000
4160.952000
1729.824000
293.520000
1763.664000
1800.504000
1796.592000
1739.184000
1796.400000
3810.325000
4229.283000
5007.709000
4984.396000
3749.094000
5468.996000
5187.338000
3300.113000
4979.334000
5682.434000
4537.226000
5084.474000
4180.242000
5474.592000
2710.257000
2354.945000
1893.750000
3425.408000
3055.329000
3069.121000
3932.578000
5583.749000
4368.603000
1032.987000
4530.446000
4233.625000
1878.982000
5324.708000
4179.546000
5375.536000
5176.332000
3786.943000
5079.273000
2705.938000
3216.220000
4903.010000
3058.463000
4787.700000
5040.194000
5468.950000
5349.924000
5167.485000
3264.842000
5163.747000
5160.334000
4972.507000
2487.577000
3715.193000
5688.262000
4780.734000
5194.560000
5199.877000
1881.931000
5079.273000
3843.785000
4886.129000
5383.965000
4062.610000
3216.220000
5104.884000
4164.523000
5344.514000
4792.646000
4785.633000
3792.794000
5409.995000
3810.325000
3832.384000
5978.256000
3788.638000
4062.610000
1884.439000
5335.621000
5389.468000
4184.515000
2490.155000
5158.128000
1889.153000
4335.839000
4222.085000
5404.445000
5415.521000
5389.468000
67.733000
704.169000
4.041000
