3536.040000
3518.688000
3521.256000
3598.296000
1733.496000
1229.160000
1788.312000
4664.856000
2146.968000
3179.664000
3386.808000
2302.608000
7138.272000
7183.368000
1672.952000
1274.939000
78.972000
785.694000
3583.327000
3599.604000
1773.146000
3593.614000
268.446000
657.984000
449.934000
130.497000
3540.858000
2208.404000
144.405000
1705.692000
3598.629000
112.989000
41.100000
93.461000
7178.008000
7233.086000
7359.728000
2424.744000
3573.691000
2650.767000
2549.668000
3345.067000
3654.845000
1633.083000
2532.787000
3709.806000
1995.105000
2720.009000
1890.174000
1810.182000
3874.947000
7241.190000
