1094.928000
3549.888000
1811.400000
2276.064000
1820.616000
3553.656000
4052.952000
1769.568000
1767.024000
3187.392000
1812.696000
1964.976000
1666.488000
1132.920000
1718.880000
3513.888000
3478.632000
1729.560000
1828.296000
3432.888000
3655.152000
2402.280000
885.168000
1283.088000
2957.016000
2616.360000
558.840000
4414.584000
1426.392000
1757.760000
1807.440000
1454.712000
2887.920000
3129.888000
3437.256000
1605.408000
2916.648000
1496.592000
3391.200000
2925.624000
886.104000
3207.984000
3528.672000
1607.208000
4637.904000
5018.544000
2358.000000
1781.352000
1811.136000
5374.027000
3719.210000
1280.233000
1766.644000
1596.163000
1571.248000
1742.612000
60.628000
5731.103000
1757.542000
531.157000
3589.318000
108.832000
118.678000
722.373000
724.997000
728.434000
772.923000
645.678000
3560.084000
1835.909000
3226.181000
2020.647000
3584.535000
1744.446000
5509.283000
529.439000
1765.321000
5474.918000
615.910000
2625.388000
1769.616000
1677.549000
1222.972000
2074.959000
1763.324000
1886.738000
1637.495000
3180.066000
3298.093000
3920.806000
3478.861000
3711.455000
1659.461000
3673.351000
1673.021000
1705.553000
1824.369000
1749.949000
1653.424000
4.041000
