2777.760000
1834.776000
3154.368000
1418.688000
3135.960000
3148.080000
1125.432000
3567.288000
2845.728000
5834.136000
3714.240000
2275.776000
1627.848000
1854.840000
1726.032000
1823.880000
7236.384000
7148.472000
7182.264000
7085.640000
1783.247000
1731.280000
4695.075000
1753.107000
3512.274000
1430.768000
1078.405000
3432.955000
2094.348000
1304.358000
200.064000
1858.177000
3258.619000
1484.847000
1114.001000
1531.914000
1753.084000
3814.203000
3641.400000
3064.617000
4029.104000
4625.926000
3674.767000
6966.242000
1335.055000
1872.945000
585.074000
1901.738000
1818.053000
1765.089000
1686.071000
1744.051000
1722.085000
1743.146000
1710.080000
3353.078000
1806.908000
6823.115000
1480.040000
1733.022000
1582.255000
3694.156000
3505.122000
1913.116000
3082.055000
1738.061000
3668.150000
1912.141000
3007.124000
3734.164000
3656.075000
888.071000
3726.130000
3747.121000
1320.148000
3060.089000
1841.134000
3374.440000
7557.608000
1707.248000
1767.341000
2345.053000
3498.505000
1434.088000
3488.334000
3470.269000
1331.200000
773.759000
3415.168000
2171.252000
2857.007000
3870.024000
3525.068000
2614.405000
2860.235000
2614.660000
1628.486000
985.850000
7139.974000
6880.352000
6698.981000
5217.176000
1652.216000
4.041000
